3.751858697697249055e+08
1.955758739552833140e+08
1.227811581370146386e+07
-8.022894539838010132e+03
1.529310827350257568e+04
4.174479296631386660e+02
-1.703427670465106070e+08
6.506296283912022114e+08
1.611128952344337106e+07
-1.329197014803973616e+04
-3.341050446899304006e+03
-2.651756272348537209e+02
-6.680701831141067743e+08
-8.359673520169191360e+08
-4.215095760834244639e+07
8.505373172452404106e+03
-6.773901772615752634e+03
-1.253903299617317373e+02
-1.661012606417184353e+09
-9.128673272417277098e+08
-5.061385393361157179e+07
3.941135273028928623e+03
-7.127575470121644685e+03
-1.688393936151215655e+02
